INSERT INTO `dom_anyagbeszallitas_termekek` (`id`, `anyagbeszallitas_id`, `termek_id`, `darabszam`, `netto_darabar`) VALUES
(1, 1, 4, 10000, 4.6),
(2, 1, 2, 10, 8000),
(3, 2, 1, 10, 23000),
(4, 4, 3, 5, 1000),
(5, 5, 4, 50000, 4.6),
(6, 6, 1, 50, 23000),
(7, 1, 3, 10, 1000),
(8, 1, 3, 10, 10),
(9, 25, 1529, 24200, 6.72),
(10, 25, 1500, 18400, 8),
(11, 25, 1510, 28200, 8.96),
(12, 25, 1511, 23400, 13.44),
(13, 25, 1512, 11700, 14.72),
(14, 25, 1513, 8700, 18.24),
(15, 25, 1514, 19900, 20.48),
(16, 25, 1515, 14900, 23.36),
(17, 25, 1527, 10800, 31.36),
(18, 25, 1528, 9900, 36.16),
(19, 25, 1516, 15700, 9.28),
(20, 25, 1517, 28600, 6.72),
(21, 25, 1526, 17600, 8),
(22, 25, 1518, 22900, 8.96),
(23, 25, 1519, 28900, 13.44),
(24, 25, 1520, 21100, 14.72),
(25, 25, 1521, 16600, 18.24),
(26, 25, 1522, 14800, 20.48),
(27, 25, 1523, 15500, 23.36),
(28, 25, 1524, 12550, 31.36),
(29, 25, 1525, 11950, 36.16),
(30, 26, 1420, 3200, 13),
(31, 27, 889, 46000, 6.7),
(32, 27, 894, 74000, 3.1),
(33, 27, 897, 44000, 1.7),
(34, 28, 1482, 310000, 2.11),
(35, 28, 1472, 360000, 1.91),
(36, 28, 1487, 42000, 2.06),
(37, 28, 1488, 42000, 2.06),
(38, 28, 1480, 240000, 3),
(39, 29, 816, 4000, 2.88),
(40, 31, 1380, 1500, 10.32),
(41, 32, 778, 15000, 1.6),
(42, 32, 804, 4000, 2.7),
(43, 32, 900, 1000, 3.68),
(44, 32, 998, 1000, 2.88),
(45, 32, 799, 45000, 2.46),
(46, 28, 1486, 400000, 2.06),
(47, 28, 1488, 350000, 2.06),
(48, 28, 1485, 70000, 2.06),
(49, 28, 1486, 70000, 2.06),
(50, 28, 1487, 840000, 2.06),
(51, 28, 1482, 168000, 2.11),
(52, 28, 1472, 84000, 1.91),
(53, 33, 804, 11000, 2.7),
(54, 33, 805, 3000, 2.7),
(55, 33, 887, 500, 8.92),
(56, 33, 932, 250, 8.92),
(57, 33, 1066, 1500, 8.36),
(58, 33, 804, 15000, 2.7),
(59, 33, 887, 1000, 8.92),
(60, 33, 806, 20000, 2.7),
(61, 33, 944, 6000, 1.55),
(62, 34, 783, 5000, 1.56),
(63, 34, 798, 9000, 2.46),
(64, 34, 805, 4000, 2.7),
(65, 34, 783, 10000, 1.56),
(66, 34, 1066, 250, 8.36),
(67, 35, 894, 52500, 3.1),
(68, 35, 897, 100000, 1.7),
(69, 36, 1066, 750, 8.36),
(70, 36, 805, 15000, 2.7),
(71, 36, 932, 10000, 8.92),
(72, 37, 894, 52500, 3.1),
(73, 38, 799, 45000, 2.46),
(74, 38, 804, 12000, 2.7),
(75, 38, 805, 1000, 2.7),
(76, 38, 998, 2000, 2.88),
(77, 39, 799, 4000, 2.46),
(78, 39, 800, 5000, 2.46),
(79, 39, 832, 1000, 5.58),
(80, 39, 998, 4000, 2.88),
(81, 41, 778, 30000, 1.6),
(82, 42, 778, 0, 1.6),
(83, 42, 804, 6000, 2.7),
(84, 42, 804, 0, 2.7),
(85, 42, 817, 6000, 3.04),
(86, 42, 824, 7000, 3.4),
(87, 42, 899, 1000, 2.6),
(88, 42, 1169, 0, 1.8),
(90, 43, 1440, 30000, 4.2),
(91, 43, 1442, 100000, 6.1),
(93, 44, 892, 70000, 3.45),
(94, 45, 909, 210000, 2.07),
(95, 46, 1401, 7750, 13.2),
(96, 47, 799, 11000, 2.46),
(97, 47, 807, 2000, 2.19),
(98, 48, 789, 0, 2.14),
(99, 48, 898, 0, 6.42),
(100, 48, 899, 0, 2.6),
(101, 48, 967, 0, 2.88),
(102, 48, 998, 0, 2.88),
(103, 49, 887, 6750, 8.92),
(104, 50, 789, 2000, 2.14),
(105, 50, 898, 4000, 6.42),
(106, 50, 899, 2000, 2.6),
(107, 50, 967, 10000, 2.88),
(108, 50, 998, 3000, 2.88),
(110, 51, 798, 71000, 2.46),
(111, 52, 810, 5000, 2.2),
(112, 52, 967, 3000, 2.88),
(113, 52, 1369, 500, 7.7),
(114, 53, 1066, 7250, 8.36),
(115, 54, 1534, 1000, 0),
(116, 54, 1246, 1000, 29),
(117, 55, 1500, 9600, 8),
(118, 55, 1510, 32000, 8.96),
(119, 55, 1511, 16800, 13.44),
(120, 55, 1512, 9600, 14.72),
(121, 55, 1513, 8400, 18.24),
(122, 55, 1514, 12600, 20.48),
(123, 55, 1515, 9600, 23.36),
(124, 55, 1527, 3000, 31.36),
(125, 55, 1528, 3000, 36.16),
(126, 55, 1526, 9600, 8),
(127, 55, 1518, 8000, 8.96),
(128, 55, 1519, 22400, 13.44),
(129, 55, 1520, 4800, 14.72),
(130, 55, 1522, 12600, 20.48),
(131, 55, 1523, 9600, 23.36),
(132, 55, 1524, 1500, 31.36),
(133, 55, 1525, 3000, 36.16),
(134, 56, 799, 22000, 2.46),
(135, 57, 801, 15000, 2.46),
(136, 57, 806, 2000, 2.7),
(137, 57, 967, 5000, 2.88),
(138, 57, 1066, 1500, 8.36),
(139, 58, 827, 0, 3.68),
(140, 58, 998, 0, 2.88),
(141, 58, 1066, 20250, 8.36),
(142, 59, 778, 12000, 1.6),
(143, 59, 805, 2000, 2.7),
(144, 59, 806, 5000, 2.7),
(145, 59, 887, 500, 8.92),
(146, 59, 900, 1000, 3.68),
(147, 59, 998, 1000, 2.88),
(148, 61, 778, 5000, 1.6),
(149, 61, 805, 15000, 2.7),
(150, 61, 814, 51000, 2.88),
(151, 62, 874, 0, 8.5),
(152, 62, 889, 45000, 6.7),
(153, 62, 894, 52500, 3.1),
(154, 64, 1035, 500, 5.1),
(155, 65, 1320, 10250, 8.92),
(156, 66, 804, 11000, 2.7),
(157, 67, 806, 21000, 2.7);

